{
    "datasets": [
        {
            "type": "ForceGraph",
            "title": "Dummy force graph",
            "data": {
                "nodes": [
                    {"id": 1, "obs": 7},
                    {"id": 2, "obs": 5},
                    {"id": 3, "obs": 2},
                    {"id": 4, "obs": 3.5},
                    {"id": 5, "obs": 2}
                ],
                "links": [
                    {"source": 1, "target": 2, "distance": 5, "force": 3},
                    {"source": 1, "target": 5, "distance": 4, "force": 14},
                    {"source": 1, "target": 2, "distance": 5, "force": 2},
                    {"source": 1, "target": 3, "distance": 2, "force": 7},
                    {"source": 2, "target": 1, "distance": 5, "force": 3},
                    {"source": 2, "target": 4, "distance": 5, "force": 8},
                    {"source": 2, "target": 5, "distance": 2, "force": 3},
                    {"source": 3, "target": 5, "distance": 3, "force": 3},
                    {"source": 4, "target": 2, "distance": 3, "force": 2},
                    {"source": 4, "target": 3, "distance": 5, "force": 1},
                    {"source": 4, "target": 1, "distance": 3, "force": 8},
                    {"source": 5, "target": 1, "distance": 2, "force": 12},
                    {"source": 5, "target": 3, "distance": 5, "force": 11},
                    {"source": 5, "target": 4, "distance": 8, "force": 1},
                    {"source": 5, "target": 2, "distance": 9, "force": 6}
                ]
            }
        },
        {
            "type": "Array",
            "title": "Dummy array data",
            "data": [
                [-0.43, 0.91, 0.54, -0.67, -0.95, -0.22, 0.62, 0.99, 0.89, 0.58, 0.27, 0.07, 0.0, 0.07, 0.27, 0.58, 0.89, 0.99, 0.62, -0.22, -0.95, -0.67, 0.54, 0.91, -0.43], 
                [-0.49, 0.87, 0.6, -0.62, -0.97, -0.28, 0.57, 0.98, 0.92, 0.63, 0.34, 0.14, 0.07, 0.14, 0.34, 0.63, 0.92, 0.98, 0.57, -0.28, -0.97, -0.62, 0.6, 0.87, -0.49], 
                [-0.66, 0.76, 0.75, -0.44, -1.0, -0.47, 0.39, 0.91, 0.98, 0.78, 0.52, 0.34, 0.27, 0.34, 0.52, 0.78, 0.98, 0.91, 0.39, -0.47, -1.0, -0.44, 0.75, 0.76, -0.66], 
                [-0.87, 0.49, 0.93, -0.11, -0.96, -0.74, 0.06, 0.73, 0.99, 0.94, 0.78, 0.63, 0.58, 0.63, 0.78, 0.94, 0.99, 0.73, 0.06, -0.74, -0.96, -0.11, 0.93, 0.49, -0.87], 
                [-1.0, 0.03, 1.0, 0.36, -0.72, -0.97, -0.41, 0.33, 0.81, 0.99, 0.98, 0.92, 0.89, 0.92, 0.98, 0.99, 0.81, 0.33, -0.41, -0.97, -0.72, 0.36, 1.0, 0.03, -1.0], 
                [-0.83, -0.55, 0.76, 0.83, -0.18, -0.94, -0.86, -0.28, 0.33, 0.73, 0.91, 0.98, 0.99, 0.98, 0.91, 0.73, 0.33, -0.28, -0.86, -0.94, -0.18, 0.83, 0.76, -0.55, -0.83], 
                [-0.23, -0.97, 0.1, 0.99, 0.54, -0.44, -0.98, -0.86, -0.41, 0.06, 0.39, 0.57, 0.62, 0.57, 0.39, 0.06, -0.41, -0.86, -0.98, -0.44, 0.54, 0.99, 0.1, -0.97, -0.23], 
                [0.61, -0.79, -0.71, 0.49, 0.99, 0.42, -0.44, -0.94, -0.97, -0.74, -0.47, -0.28, -0.22, -0.28, -0.47, -0.74, -0.97, -0.94, -0.44, 0.42, 0.99, 0.49, -0.71, -0.79, 0.61], 
                [0.99, 0.11, -0.97, -0.49, 0.61, 0.99, 0.54, -0.18, -0.72, -0.96, -1.0, -0.97, -0.95, -0.97, -1.0, -0.96, -0.72, -0.18, 0.54, 0.99, 0.61, -0.49, -0.97, 0.11, 0.99], 
                [0.28, 0.96, -0.16, -0.99, -0.49, 0.49, 0.99, 0.83, 0.36, -0.11, -0.44, -0.62, -0.67, -0.62, -0.44, -0.11, 0.36, 0.83, 0.99, 0.49, -0.49, -0.99, -0.16, 0.96, 0.28], 
                [-0.85, 0.53, 0.91, -0.16, -0.97, -0.71, 0.1, 0.76, 1.0, 0.93, 0.75, 0.6, 0.54, 0.6, 0.75, 0.93, 1.0, 0.76, 0.1, -0.71, -0.97, -0.16, 0.91, 0.53, -0.85], 
                [-0.63, -0.77, 0.53, 0.96, 0.11, -0.79, -0.97, -0.55, 0.03, 0.49, 0.76, 0.87, 0.91, 0.87, 0.76, 0.49, 0.03, -0.55, -0.97, -0.79, 0.11, 0.96, 0.53, -0.77, -0.63], 
                [0.78, -0.63, -0.85, 0.28, 0.99, 0.61, -0.23, -0.83, -1.0, -0.87, -0.66, -0.49, -0.43, -0.49, -0.66, -0.87, -1.0, -0.83, -0.23, 0.61, 0.99, 0.28, -0.85, -0.63, 0.78], 
                [0.51, 0.86, -0.4, -0.99, -0.26, 0.69, 1.0, 0.67, 0.11, -0.36, -0.65, -0.79, -0.83, -0.79, -0.65, -0.36, 0.11, 0.67, 1.0, 0.69, -0.26, -0.99, -0.4, 0.86, 0.51], 
                [-0.97, 0.26, 0.99, 0.14, -0.86, -0.88, -0.19, 0.53, 0.92, 1.0, 0.91, 0.81, 0.76, 0.81, 0.91, 1.0, 0.92, 0.53, -0.19, -0.88, -0.86, 0.14, 0.99, 0.26, -0.97], 
                [0.16, -0.99, -0.28, 0.85, 0.82, -0.07, -0.82, -0.99, -0.72, -0.32, 0.01, 0.22, 0.28, 0.22, 0.01, -0.32, -0.72, -0.99, -0.82, -0.07, 0.82, 0.85, -0.28, -0.99, 0.16], 
                [0.76, 0.65, -0.67, -0.89, 0.06, 0.89, 0.92, 0.4, -0.21, -0.63, -0.86, -0.94, -0.96, -0.94, -0.86, -0.63, -0.21, 0.4, 0.92, 0.89, 0.06, -0.89, -0.67, 0.65, 0.76], 
                [-0.99, 0.17, 1.0, 0.22, -0.81, -0.92, -0.28, 0.45, 0.89, 1.0, 0.94, 0.86, 0.82, 0.86, 0.94, 1.0, 0.89, 0.45, -0.28, -0.92, -0.81, 0.22, 1.0, 0.17, -0.99], 
                [0.61, -0.79, -0.71, 0.49, 0.99, 0.42, -0.44, -0.94, -0.97, -0.74, -0.47, -0.28, -0.21, -0.28, -0.47, -0.74, -0.97, -0.94, -0.44, 0.42, 0.99, 0.49, -0.71, -0.79, 0.61], 
                [-0.05, 1.0, 0.18, -0.9, -0.75, 0.17, 0.87, 0.97, 0.65, 0.22, -0.12, -0.32, -0.38, -0.32, -0.12, 0.22, 0.65, 0.97, 0.87, 0.17, -0.75, -0.9, 0.18, 1.0, -0.05], 
                [-0.4, -0.91, 0.28, 1.0, 0.38, -0.6, -1.0, -0.75, -0.24, 0.24, 0.55, 0.71, 0.76, 0.71, 0.55, 0.24, -0.24, -0.75, -1.0, -0.6, 0.38, 1.0, 0.28, -0.91, -0.4], 
                [0.68, 0.73, -0.58, -0.94, -0.05, 0.83, 0.96, 0.5, -0.09, -0.54, -0.79, -0.9, -0.93, -0.9, -0.79, -0.54, -0.09, 0.5, 0.96, 0.83, -0.05, -0.94, -0.58, 0.73, 0.68], 
                [-0.81, -0.59, 0.73, 0.85, -0.14, -0.92, -0.88, -0.32, 0.28, 0.69, 0.9, 0.97, 0.98, 0.97, 0.9, 0.69, 0.28, -0.32, -0.88, -0.92, -0.14, 0.85, 0.73, -0.59, -0.81], 
                [0.84, 0.54, -0.77, -0.82, 0.2, 0.94, 0.85, 0.27, -0.34, -0.73, -0.92, -0.98, -0.99, -0.98, -0.92, -0.73, -0.34, 0.27, 0.85, 0.94, 0.2, -0.82, -0.77, 0.54, 0.84], 
                [-0.79, -0.6, 0.71, 0.87, -0.12, -0.91, -0.89, -0.34, 0.26, 0.68, 0.89, 0.96, 0.98, 0.96, 0.89, 0.68, 0.26, -0.34, -0.89, -0.91, -0.12, 0.87, 0.71, -0.6, -0.79]]
        }
    ]
}